%YAML:1.0
gesture:
   - 142
   - 43
   - 141
   - 44
   - 140
   - 44
   - 137
   - 47
   - 137
   - 49
   - 139
   - 51
   - 139
   - 53
   - 138
   - 54
   - 139
   - 55
   - 139
   - 56
   - 138
   - 57
   - 139
   - 58
   - 139
   - 62
   - 140
   - 63
   - 140
   - 66
   - 141
   - 67
   - 141
   - 72
   - 142
   - 73
   - 141
   - 74
   - 141
   - 78
   - 142
   - 79
   - 142
   - 83
   - 143
   - 84
   - 142
   - 85
   - 142
   - 86
   - 143
   - 87
   - 143
   - 94
   - 145
   - 96
   - 145
   - 97
   - 144
   - 98
   - 145
   - 98
   - 146
   - 99
   - 146
   - 100
   - 147
   - 101
   - 146
   - 102
   - 146
   - 107
   - 145
   - 108
   - 143
   - 108
   - 142
   - 109
   - 140
   - 109
   - 135
   - 104
   - 135
   - 103
   - 134
   - 102
   - 134
   - 101
   - 133
   - 100
   - 133
   - 99
   - 131
   - 97
   - 131
   - 96
   - 130
   - 95
   - 130
   - 94
   - 129
   - 93
   - 129
   - 92
   - 127
   - 90
   - 127
   - 89
   - 125
   - 87
   - 125
   - 86
   - 122
   - 83
   - 122
   - 82
   - 120
   - 80
   - 120
   - 79
   - 119
   - 78
   - 119
   - 77
   - 118
   - 76
   - 118
   - 75
   - 117
   - 74
   - 117
   - 73
   - 116
   - 72
   - 116
   - 71
   - 115
   - 70
   - 115
   - 69
   - 114
   - 68
   - 114
   - 67
   - 109
   - 62
   - 107
   - 62
   - 106
   - 63
   - 105
   - 63
   - 103
   - 65
   - 103
   - 67
   - 105
   - 69
   - 105
   - 70
   - 106
   - 71
   - 106
   - 72
   - 107
   - 72
   - 108
   - 73
   - 108
   - 76
   - 109
   - 77
   - 109
   - 79
   - 110
   - 80
   - 110
   - 81
   - 112
   - 83
   - 112
   - 86
   - 113
   - 87
   - 113
   - 88
   - 115
   - 90
   - 115
   - 92
   - 116
   - 93
   - 116
   - 94
   - 117
   - 94
   - 118
   - 95
   - 117
   - 96
   - 118
   - 97
   - 118
   - 99
   - 120
   - 101
   - 120
   - 103
   - 121
   - 104
   - 121
   - 105
   - 122
   - 106
   - 122
   - 107
   - 123
   - 108
   - 123
   - 109
   - 125
   - 111
   - 126
   - 111
   - 129
   - 114
   - 129
   - 119
   - 130
   - 120
   - 130
   - 121
   - 131
   - 122
   - 130
   - 123
   - 131
   - 124
   - 131
   - 125
   - 130
   - 126
   - 130
   - 127
   - 132
   - 129
   - 132
   - 132
   - 131
   - 133
   - 131
   - 135
   - 132
   - 136
   - 132
   - 137
   - 131
   - 138
   - 131
   - 140
   - 132
   - 141
   - 130
   - 143
   - 130
   - 144
   - 129
   - 145
   - 129
   - 146
   - 128
   - 147
   - 128
   - 149
   - 127
   - 150
   - 126
   - 150
   - 124
   - 152
   - 117
   - 152
   - 114
   - 149
   - 113
   - 149
   - 109
   - 145
   - 108
   - 145
   - 106
   - 143
   - 105
   - 143
   - 103
   - 141
   - 101
   - 141
   - 100
   - 140
   - 98
   - 140
   - 97
   - 139
   - 93
   - 139
   - 92
   - 138
   - 90
   - 138
   - 89
   - 139
   - 86
   - 139
   - 82
   - 143
   - 82
   - 146
   - 83
   - 147
   - 84
   - 147
   - 85
   - 148
   - 86
   - 148
   - 87
   - 149
   - 88
   - 149
   - 89
   - 150
   - 90
   - 150
   - 91
   - 151
   - 93
   - 151
   - 94
   - 152
   - 96
   - 152
   - 98
   - 154
   - 99
   - 154
   - 100
   - 155
   - 102
   - 155
   - 104
   - 157
   - 105
   - 157
   - 106
   - 158
   - 107
   - 158
   - 109
   - 160
   - 110
   - 160
   - 113
   - 163
   - 113
   - 165
   - 115
   - 167
   - 116
   - 167
   - 117
   - 168
   - 118
   - 168
   - 119
   - 169
   - 124
   - 169
   - 126
   - 171
   - 127
   - 170
   - 129
   - 172
   - 131
   - 172
   - 132
   - 173
   - 133
   - 173
   - 134
   - 174
   - 135
   - 174
   - 137
   - 176
   - 139
   - 176
   - 140
   - 177
   - 142
   - 177
   - 143
   - 178
   - 145
   - 178
   - 146
   - 179
   - 149
   - 179
   - 150
   - 178
   - 151
   - 178
   - 152
   - 179
   - 154
   - 179
   - 155
   - 178
   - 158
   - 178
   - 159
   - 179
   - 160
   - 178
   - 164
   - 178
   - 165
   - 179
   - 167
   - 179
   - 168
   - 178
   - 168
   - 176
   - 170
   - 174
   - 171
   - 174
   - 172
   - 173
   - 173
   - 173
   - 175
   - 175
   - 177
   - 175
   - 178
   - 176
   - 179
   - 176
   - 180
   - 175
   - 183
   - 175
   - 184
   - 174
   - 185
   - 174
   - 186
   - 173
   - 188
   - 173
   - 189
   - 174
   - 189
   - 175
   - 188
   - 176
   - 189
   - 175
   - 189
   - 173
   - 188
   - 172
   - 189
   - 171
   - 189
   - 170
   - 190
   - 169
   - 189
   - 168
   - 190
   - 167
   - 190
   - 162
   - 191
   - 161
   - 191
   - 155
   - 192
   - 154
   - 192
   - 121
   - 191
   - 120
   - 191
   - 117
   - 190
   - 116
   - 190
   - 109
   - 191
   - 108
   - 191
   - 105
   - 192
   - 104
   - 192
   - 101
   - 193
   - 100
   - 193
   - 98
   - 194
   - 97
   - 194
   - 94
   - 195
   - 93
   - 195
   - 89
   - 196
   - 88
   - 196
   - 85
   - 197
   - 84
   - 197
   - 81
   - 198
   - 80
   - 198
   - 77
   - 199
   - 76
   - 199
   - 74
   - 198
   - 73
   - 198
   - 71
   - 196
   - 69
   - 192
   - 69
   - 190
   - 71
   - 190
   - 72
   - 189
   - 73
   - 189
   - 77
   - 190
   - 78
   - 189
   - 79
   - 188
   - 79
   - 188
   - 83
   - 187
   - 84
   - 187
   - 86
   - 186
   - 87
   - 186
   - 89
   - 185
   - 90
   - 185
   - 92
   - 184
   - 93
   - 184
   - 94
   - 183
   - 95
   - 183
   - 97
   - 182
   - 98
   - 182
   - 104
   - 181
   - 105
   - 181
   - 107
   - 180
   - 108
   - 180
   - 109
   - 179
   - 110
   - 177
   - 110
   - 174
   - 107
   - 174
   - 97
   - 175
   - 96
   - 175
   - 59
   - 176
   - 58
   - 176
   - 57
   - 175
   - 56
   - 175
   - 54
   - 173
   - 52
   - 167
   - 52
   - 165
   - 54
   - 165
   - 58
   - 166
   - 59
   - 167
   - 59
   - 168
   - 60
   - 168
   - 62
   - 167
   - 63
   - 166
   - 62
   - 166
   - 65
   - 167
   - 66
   - 165
   - 68
   - 165
   - 70
   - 166
   - 70
   - 167
   - 71
   - 167
   - 72
   - 165
   - 74
   - 165
   - 75
   - 166
   - 76
   - 166
   - 77
   - 165
   - 78
   - 165
   - 80
   - 166
   - 81
   - 165
   - 82
   - 165
   - 83
   - 164
   - 84
   - 165
   - 85
   - 165
   - 86
   - 164
   - 87
   - 164
   - 89
   - 163
   - 90
   - 164
   - 91
   - 164
   - 93
   - 163
   - 94
   - 163
   - 96
   - 164
   - 97
   - 164
   - 103
   - 162
   - 105
   - 160
   - 105
   - 158
   - 103
   - 158
   - 102
   - 157
   - 101
   - 157
   - 99
   - 156
   - 98
   - 156
   - 90
   - 155
   - 89
   - 155
   - 83
   - 154
   - 82
   - 154
   - 79
   - 153
   - 78
   - 153
   - 75
   - 152
   - 74
   - 152
   - 71
   - 151
   - 70
   - 151
   - 65
   - 150
   - 64
   - 150
   - 58
   - 149
   - 57
   - 149
   - 51
   - 148
   - 50
   - 148
   - 46
   - 146
   - 44
   - 145
   - 44
   - 144
   - 43
